Instances	BF		AVG	STD	Time
idpc_ndu_2102_23_164811	27	27.00	NaN	0.00
idpc_ndu_2402_22_260967	24	24.00	NaN	0.00
idpc_ndu_2494_12_276620	23	23.00	NaN	0.00
idpc_ndu_2502_22_229601	29	29.00	NaN	0.00
idpc_ndu_2522_20_171940	46	46.00	NaN	0.00
idpc_ndu_2715_22_592246	13	13.00	NaN	0.00
idpc_ndu_2918_29_293109	30	30.00	NaN	0.00
idpc_ndu_3161_15_339881	30	30.00	NaN	0.00
idpc_ndu_3202_42_243376	50	50.00	NaN	0.00
idpc_ndu_3602_32_406192	45	45.00	NaN	0.00
idpc_ndu_3647_29_457939	36	36.00	NaN	0.00
idpc_ndu_1002_12_82252	14	14.00	NaN	0.00
idpc_ndu_1002_22_36564	42	42.00	NaN	0.00
idpc_ndu_1192_19_37744	44	44.00	NaN	0.00
idpc_ndu_1202_22_65521	22	22.00	NaN	0.00
idpc_ndu_1256_21_44446	53	53.00	NaN	0.00
idpc_ndu_1322_22_48821	48	48.00	NaN	0.00
idpc_ndu_1506_9_130556	19	19.00	NaN	0.00
idpc_ndu_1514_16_78292	34	34.00	NaN	0.00
idpc_ndu_1514_30_78351	30	30.00	NaN	0.00
idpc_ndu_1602_22_60574	61	61.00	NaN	0.00
idpc_ndu_1682_23_67612	78	78.00	NaN	0.00
idpc_ndu_1730_20_88509	42	42.00	NaN	0.00
idpc_ndu_2002_22_178026	24	24.00	NaN	0.00
idpc_ndu_427_7_14927	8	8.00	NaN	0.00
idpc_ndu_704_15_16990	34	34.00	NaN	0.00
idpc_ndu_842_23_31617	22	22.00	NaN	0.00
idpc_ndu_2002_17_128021	44	44.00	NaN	0.00
idpc_ndu_2102_19_141155	54	54.00	NaN	0.00
idpc_ndu_2202_22_153764	39	39.00	NaN	0.00
idpc_ndu_2302_27_169859	52	52.00	NaN	0.00
idpc_ndu_2402_29_186438	41	41.00	NaN	0.00
idpc_ndu_2502_32_201852	64	64.00	NaN	0.00
idpc_ndu_2602_19_185818	82	82.00	NaN	0.00
idpc_ndu_2702_22_199214	51	51.00	NaN	0.00
idpc_ndu_2802_30_215589	55	55.00	NaN	0.00
idpc_ndu_2902_32_229375	50	50.00	NaN	0.00
idpc_ndu_1002_32_60942	38	38.00	NaN	0.00
idpc_ndu_102_10_834	7	7.00	NaN	0.00
idpc_ndu_1102_17_56280	27	27.00	NaN	0.00
idpc_ndu_1202_18_68002	35	35.00	NaN	0.00
idpc_ndu_1302_22_78953	26	26.00	NaN	0.00
idpc_ndu_1402_24_92365	24	24.00	NaN	0.00
idpc_ndu_1502_27_104878	30	30.00	NaN	0.00
idpc_ndu_152_14_1869	16	16.00	NaN	0.00
idpc_ndu_1602_14_96765	39	39.00	NaN	0.00
idpc_ndu_1702_18_110993	34	34.00	NaN	0.00
idpc_ndu_1802_21_123666	37	37.00	NaN	0.00
idpc_ndu_1902_27_137407	34	34.00	NaN	0.00
idpc_ndu_202_22_2341	20	20.00	NaN	0.00
idpc_ndu_252_11_3513	42	42.00	NaN	0.00
idpc_ndu_302_12_4930	42	42.00	NaN	0.00
idpc_ndu_352_17_6667	36	36.00	NaN	0.00
idpc_ndu_402_22_8220	30	30.00	NaN	0.00
idpc_ndu_452_32_10406	22	22.00	NaN	0.00
idpc_ndu_502_12_10949	29	29.00	NaN	0.00
idpc_ndu_52_6_204	6	6.00	NaN	0.00
